         5.62886          -1.07561        -0.0172323       -0.00446194       -0.00132034      -0.000443101      -0.000165398      -6.67699e-05      -2.78279e-05       -1.0312e-05          -1.07561        -0.0326643        -0.0116722       -0.00411951       -0.00151566      -0.000591157      -0.000244176      -0.000105406      -4.58669e-05      -1.74235e-05        -0.0172323        -0.0116722       -0.00579012       -0.00262304       -0.00116707      -0.000524819      -0.000240677      -0.000112024      -5.13507e-05      -2.01283e-05       -0.00446194       -0.00411951       -0.00262304       -0.00145258      -0.000758338      -0.000386614      -0.000195373      -9.78806e-05      -4.73114e-05      -1.91655e-05       -0.00132034       -0.00151566       -0.00116707      -0.000758338      -0.000451744      -0.000256419       -0.00014125      -7.57189e-05      -3.84812e-05      -1.60895e-05      -0.000443101      -0.000591157      -0.000524819      -0.000386614      -0.000256419      -0.000159306      -9.45616e-05      -5.38325e-05      -2.86277e-05      -1.23204e-05      -0.000165398      -0.000244176      -0.000240677      -0.000195373       -0.00014125      -9.45616e-05      -5.98001e-05      -3.58567e-05      -1.98379e-05      -8.75636e-06      -6.67699e-05      -0.000105406      -0.000112024      -9.78806e-05      -7.57189e-05      -5.38325e-05      -3.58567e-05      -2.24448e-05      -1.28338e-05      -5.78544e-06      -2.78279e-05      -4.58669e-05      -5.13507e-05      -4.73114e-05      -3.84812e-05      -2.86277e-05      -1.98379e-05      -1.28338e-05      -7.52595e-06       -3.4478e-06       -1.0312e-05      -1.74235e-05      -2.01283e-05      -1.91655e-05      -1.60895e-05      -1.23204e-05      -8.75636e-06      -5.78544e-06       -3.4478e-06      -1.59578e-06  
        -1.07561           5.61163          -1.08007        -0.0185526       -0.00490504       -0.00148573      -0.000509871      -0.000193226      -7.70819e-05      -2.78279e-05        -0.0326643          -1.08728        -0.0367838        -0.0131879       -0.00471067       -0.00175984      -0.000696563      -0.000290043      -0.000122829      -4.58669e-05        -0.0116722        -0.0230224        -0.0142953       -0.00695719       -0.00314786       -0.00140775      -0.000636843      -0.000292027      -0.000132152      -5.13507e-05       -0.00411951       -0.00708498        -0.0055721       -0.00338138        -0.0018392      -0.000953712      -0.000484495      -0.000242685      -0.000117046      -4.73114e-05       -0.00151566       -0.00248741         -0.002274       -0.00161881       -0.00101476      -0.000592993      -0.000332138      -0.000179731      -9.18084e-05      -3.84812e-05      -0.000591157      -0.000967921      -0.000977772      -0.000781238       -0.00054592      -0.000350981      -0.000213138      -0.000123189       -6.6153e-05      -2.86277e-05      -0.000244176      -0.000406075       -0.00043955      -0.000381926      -0.000289935       -0.00020105      -0.000130418       -7.9638e-05       -4.4613e-05      -1.98379e-05      -0.000105406      -0.000178794      -0.000203286      -0.000187743      -0.000151713      -0.000111576      -7.62774e-05      -4.86904e-05      -2.82303e-05      -1.28338e-05      -4.58669e-05      -7.91785e-05      -9.31784e-05      -8.98319e-05      -7.59391e-05      -5.83191e-05      -4.14615e-05      -2.73638e-05      -1.62816e-05      -7.52595e-06      -1.74235e-05      -3.04403e-05       -3.6589e-05      -3.62178e-05      -3.14859e-05      -2.48459e-05      -1.81059e-05      -1.22042e-05      -7.38122e-06       -3.4478e-06  
      -0.0172323          -1.08007           5.61031          -1.08052         -0.018718       -0.00497181       -0.00151356      -0.000520183      -0.000193226      -6.67699e-05        -0.0116722        -0.0367838           -1.0888        -0.0373749         -0.013432       -0.00481608        -0.0018057      -0.000713986      -0.000290043      -0.000105406       -0.00579012        -0.0142953        -0.0241895        -0.0148201       -0.00719787       -0.00325989        -0.0014591      -0.000656972      -0.000292027      -0.000112024       -0.00262304        -0.0055721       -0.00784332       -0.00595871       -0.00357676       -0.00193708       -0.00100102       -0.00050366      -0.000242685      -9.78806e-05       -0.00116707         -0.002274       -0.00293915       -0.00253042       -0.00176006       -0.00109048      -0.000631474      -0.000348228      -0.000179731      -7.57189e-05      -0.000524819      -0.000977772       -0.00122434       -0.00113708        -0.0008758      -0.000599752      -0.000379609      -0.000225459      -0.000123189      -5.38325e-05      -0.000240677       -0.00043955      -0.000547324      -0.000534111      -0.000441727      -0.000325792      -0.000220888      -0.000139175       -7.9638e-05      -3.58567e-05      -0.000112024      -0.000203286      -0.000254513      -0.000257119        -0.0002236      -0.000174158      -0.000124409      -8.20628e-05      -4.86904e-05      -2.24448e-05      -5.13507e-05      -9.31784e-05       -0.00011766      -0.000121806       -0.00010967      -8.87729e-05      -6.58451e-05      -4.49093e-05      -2.73638e-05      -1.28338e-05      -2.01283e-05       -3.6589e-05      -4.65298e-05      -4.89094e-05      -4.49742e-05      -3.72714e-05      -2.82937e-05      -1.97016e-05      -1.22042e-05      -5.78544e-06  
     -0.00446194        -0.0185526          -1.08052           5.61015          -1.08058        -0.0187459       -0.00498212       -0.00151356      -0.000509871      -0.000165398       -0.00411951        -0.0131879        -0.0373749          -1.08904        -0.0374804        -0.0134779        -0.0048335        -0.0018057      -0.000696563      -0.000244176       -0.00262304       -0.00695719        -0.0148201        -0.0244302        -0.0149321       -0.00724922       -0.00328002        -0.0014591      -0.000636843      -0.000240677       -0.00145258       -0.00338138       -0.00595871       -0.00803869       -0.00605659       -0.00362407       -0.00195624       -0.00100102      -0.000484495      -0.000195373      -0.000758338       -0.00161881       -0.00253042        -0.0030804       -0.00260614       -0.00179855       -0.00110657      -0.000631474      -0.000332138       -0.00014125      -0.000386614      -0.000781238       -0.00113708        -0.0013189       -0.00119091      -0.000904428      -0.000612073      -0.000379609      -0.000213138      -9.45616e-05      -0.000195373      -0.000381926      -0.000534111      -0.000607124      -0.000569968      -0.000461564      -0.000334548      -0.000220888      -0.000130418      -5.98001e-05      -9.78806e-05      -0.000187743      -0.000257119       -0.00029037      -0.000279563      -0.000236434      -0.000179943      -0.000124409      -7.62774e-05      -3.58567e-05      -4.73114e-05      -8.98319e-05      -0.000121806      -0.000137498       -0.00013464      -0.000117196      -9.22207e-05      -6.58451e-05      -4.14615e-05      -1.98379e-05      -1.91655e-05      -3.62178e-05      -4.89094e-05      -5.52862e-05      -5.46948e-05       -4.8422e-05      -3.88671e-05      -2.82937e-05      -1.81059e-05      -8.75636e-06  
     -0.00132034       -0.00490504         -0.018718          -1.08058           5.61012          -1.08059        -0.0187459       -0.00497181       -0.00148573      -0.000443101       -0.00151566       -0.00471067         -0.013432        -0.0374804          -1.08909        -0.0374978        -0.0134779       -0.00481608       -0.00175984      -0.000591157       -0.00116707       -0.00314786       -0.00719787        -0.0149321        -0.0244815        -0.0149522       -0.00724922       -0.00325989       -0.00140775      -0.000524819      -0.000758338        -0.0018392       -0.00357676       -0.00605659         -0.008086       -0.00607576       -0.00362407       -0.00193708      -0.000953712      -0.000386614      -0.000451744       -0.00101476       -0.00176006       -0.00260614       -0.00311888       -0.00262222       -0.00179855       -0.00109048      -0.000592993      -0.000256419      -0.000256419       -0.00054592        -0.0008758       -0.00119091       -0.00134753       -0.00120323      -0.000904428      -0.000599752      -0.000350981      -0.000159306       -0.00014125      -0.000289935      -0.000441727      -0.000569968      -0.000626962      -0.000578724      -0.000461564      -0.000325792       -0.00020105      -9.45616e-05      -7.57189e-05      -0.000151713        -0.0002236      -0.000279563      -0.000303203      -0.000285349      -0.000236434      -0.000174158      -0.000111576      -5.38325e-05      -3.84812e-05      -7.59391e-05       -0.00010967       -0.00013464      -0.000145024      -0.000138088      -0.000117196      -8.87729e-05      -5.83191e-05      -2.86277e-05      -1.60895e-05      -3.14859e-05      -4.49742e-05      -5.46948e-05       -5.8734e-05      -5.62906e-05       -4.8422e-05      -3.72714e-05      -2.48459e-05      -1.23204e-05  
    -0.000443101       -0.00148573       -0.00497181        -0.0187459          -1.08059           5.61012          -1.08058         -0.018718       -0.00490504       -0.00132034      -0.000591157       -0.00175984       -0.00481608        -0.0134779        -0.0374978          -1.08909        -0.0374804         -0.013432       -0.00471067       -0.00151566      -0.000524819       -0.00140775       -0.00325989       -0.00724922        -0.0149522        -0.0244815        -0.0149321       -0.00719787       -0.00314786       -0.00116707      -0.000386614      -0.000953712       -0.00193708       -0.00362407       -0.00607576         -0.008086       -0.00605659       -0.00357676        -0.0018392      -0.000758338      -0.000256419      -0.000592993       -0.00109048       -0.00179855       -0.00262222       -0.00311888       -0.00260614       -0.00176006       -0.00101476      -0.000451744      -0.000159306      -0.000350981      -0.000599752      -0.000904428       -0.00120323       -0.00134753       -0.00119091        -0.0008758       -0.00054592      -0.000256419      -9.45616e-05       -0.00020105      -0.000325792      -0.000461564      -0.000578724      -0.000626962      -0.000569968      -0.000441727      -0.000289935       -0.00014125      -5.38325e-05      -0.000111576      -0.000174158      -0.000236434      -0.000285349      -0.000303203      -0.000279563        -0.0002236      -0.000151713      -7.57189e-05      -2.86277e-05      -5.83191e-05      -8.87729e-05      -0.000117196      -0.000138088      -0.000145024       -0.00013464       -0.00010967      -7.59391e-05      -3.84812e-05      -1.23204e-05      -2.48459e-05      -3.72714e-05       -4.8422e-05      -5.62906e-05       -5.8734e-05      -5.46948e-05      -4.49742e-05      -3.14859e-05      -1.60895e-05  
    -0.000165398      -0.000509871       -0.00151356       -0.00498212        -0.0187459          -1.08058           5.61015          -1.08052        -0.0185526       -0.00446194      -0.000244176      -0.000696563        -0.0018057        -0.0048335        -0.0134779        -0.0374804          -1.08904        -0.0373749        -0.0131879       -0.00411951      -0.000240677      -0.000636843        -0.0014591       -0.00328002       -0.00724922        -0.0149321        -0.0244302        -0.0148201       -0.00695719       -0.00262304      -0.000195373      -0.000484495       -0.00100102       -0.00195624       -0.00362407       -0.00605659       -0.00803869       -0.00595871       -0.00338138       -0.00145258       -0.00014125      -0.000332138      -0.000631474       -0.00110657       -0.00179855       -0.00260614        -0.0030804       -0.00253042       -0.00161881      -0.000758338      -9.45616e-05      -0.000213138      -0.000379609      -0.000612073      -0.000904428       -0.00119091        -0.0013189       -0.00113708      -0.000781238      -0.000386614      -5.98001e-05      -0.000130418      -0.000220888      -0.000334548      -0.000461564      -0.000569968      -0.000607124      -0.000534111      -0.000381926      -0.000195373      -3.58567e-05      -7.62774e-05      -0.000124409      -0.000179943      -0.000236434      -0.000279563       -0.00029037      -0.000257119      -0.000187743      -9.78806e-05      -1.98379e-05      -4.14615e-05      -6.58451e-05      -9.22207e-05      -0.000117196       -0.00013464      -0.000137498      -0.000121806      -8.98319e-05      -4.73114e-05      -8.75636e-06      -1.81059e-05      -2.82937e-05      -3.88671e-05       -4.8422e-05      -5.46948e-05      -5.52862e-05      -4.89094e-05      -3.62178e-05      -1.91655e-05  
    -6.67699e-05      -0.000193226      -0.000520183       -0.00151356       -0.00497181         -0.018718          -1.08052           5.61031          -1.08007        -0.0172323      -0.000105406      -0.000290043      -0.000713986        -0.0018057       -0.00481608         -0.013432        -0.0373749           -1.0888        -0.0367838        -0.0116722      -0.000112024      -0.000292027      -0.000656972        -0.0014591       -0.00325989       -0.00719787        -0.0148201        -0.0241895        -0.0142953       -0.00579012      -9.78806e-05      -0.000242685       -0.00050366       -0.00100102       -0.00193708       -0.00357676       -0.00595871       -0.00784332        -0.0055721       -0.00262304      -7.57189e-05      -0.000179731      -0.000348228      -0.000631474       -0.00109048       -0.00176006       -0.00253042       -0.00293915         -0.002274       -0.00116707      -5.38325e-05      -0.000123189      -0.000225459      -0.000379609      -0.000599752        -0.0008758       -0.00113708       -0.00122434      -0.000977772      -0.000524819      -3.58567e-05       -7.9638e-05      -0.000139175      -0.000220888      -0.000325792      -0.000441727      -0.000534111      -0.000547324       -0.00043955      -0.000240677      -2.24448e-05      -4.86904e-05      -8.20628e-05      -0.000124409      -0.000174158        -0.0002236      -0.000257119      -0.000254513      -0.000203286      -0.000112024      -1.28338e-05      -2.73638e-05      -4.49093e-05      -6.58451e-05      -8.87729e-05       -0.00010967      -0.000121806       -0.00011766      -9.31784e-05      -5.13507e-05      -5.78544e-06      -1.22042e-05      -1.97016e-05      -2.82937e-05      -3.72714e-05      -4.49742e-05      -4.89094e-05      -4.65298e-05       -3.6589e-05      -2.01283e-05  
    -2.78279e-05      -7.70819e-05      -0.000193226      -0.000509871       -0.00148573       -0.00490504        -0.0185526          -1.08007           5.61163          -1.07561      -4.58669e-05      -0.000122829      -0.000290043      -0.000696563       -0.00175984       -0.00471067        -0.0131879        -0.0367838          -1.08728        -0.0326643      -5.13507e-05      -0.000132152      -0.000292027      -0.000636843       -0.00140775       -0.00314786       -0.00695719        -0.0142953        -0.0230224        -0.0116722      -4.73114e-05      -0.000117046      -0.000242685      -0.000484495      -0.000953712        -0.0018392       -0.00338138        -0.0055721       -0.00708498       -0.00411951      -3.84812e-05      -9.18084e-05      -0.000179731      -0.000332138      -0.000592993       -0.00101476       -0.00161881         -0.002274       -0.00248741       -0.00151566      -2.86277e-05       -6.6153e-05      -0.000123189      -0.000213138      -0.000350981       -0.00054592      -0.000781238      -0.000977772      -0.000967921      -0.000591157      -1.98379e-05       -4.4613e-05       -7.9638e-05      -0.000130418       -0.00020105      -0.000289935      -0.000381926       -0.00043955      -0.000406075      -0.000244176      -1.28338e-05      -2.82303e-05      -4.86904e-05      -7.62774e-05      -0.000111576      -0.000151713      -0.000187743      -0.000203286      -0.000178794      -0.000105406      -7.52595e-06      -1.62816e-05      -2.73638e-05      -4.14615e-05      -5.83191e-05      -7.59391e-05      -8.98319e-05      -9.31784e-05      -7.91785e-05      -4.58669e-05       -3.4478e-06      -7.38122e-06      -1.22042e-05      -1.81059e-05      -2.48459e-05      -3.14859e-05      -3.62178e-05       -3.6589e-05      -3.04403e-05      -1.74235e-05  
     -1.0312e-05      -2.78279e-05      -6.67699e-05      -0.000165398      -0.000443101       -0.00132034       -0.00446194        -0.0172323          -1.07561           5.62886      -1.74235e-05      -4.58669e-05      -0.000105406      -0.000244176      -0.000591157       -0.00151566       -0.00411951        -0.0116722        -0.0326643          -1.07561      -2.01283e-05      -5.13507e-05      -0.000112024      -0.000240677      -0.000524819       -0.00116707       -0.00262304       -0.00579012        -0.0116722        -0.0172323      -1.91655e-05      -4.73114e-05      -9.78806e-05      -0.000195373      -0.000386614      -0.000758338       -0.00145258       -0.00262304       -0.00411951       -0.00446194      -1.60895e-05      -3.84812e-05      -7.57189e-05       -0.00014125      -0.000256419      -0.000451744      -0.000758338       -0.00116707       -0.00151566       -0.00132034      -1.23204e-05      -2.86277e-05      -5.38325e-05      -9.45616e-05      -0.000159306      -0.000256419      -0.000386614      -0.000524819      -0.000591157      -0.000443101      -8.75636e-06      -1.98379e-05      -3.58567e-05      -5.98001e-05      -9.45616e-05       -0.00014125      -0.000195373      -0.000240677      -0.000244176      -0.000165398      -5.78544e-06      -1.28338e-05      -2.24448e-05      -3.58567e-05      -5.38325e-05      -7.57189e-05      -9.78806e-05      -0.000112024      -0.000105406      -6.67699e-05       -3.4478e-06      -7.52595e-06      -1.28338e-05      -1.98379e-05      -2.86277e-05      -3.84812e-05      -4.73114e-05      -5.13507e-05      -4.58669e-05      -2.78279e-05      -1.59578e-06       -3.4478e-06      -5.78544e-06      -8.75636e-06      -1.23204e-05      -1.60895e-05      -1.91655e-05      -2.01283e-05      -1.74235e-05       -1.0312e-05  
        -1.07561        -0.0326643        -0.0116722       -0.00411951       -0.00151566      -0.000591157      -0.000244176      -0.000105406      -4.58669e-05      -1.74235e-05           5.61163          -1.08728        -0.0230224       -0.00708498       -0.00248741      -0.000967921      -0.000406075      -0.000178794      -7.91785e-05      -3.04403e-05          -1.08007        -0.0367838        -0.0142953        -0.0055721         -0.002274      -0.000977772       -0.00043955      -0.000203286      -9.31784e-05       -3.6589e-05        -0.0185526        -0.0131879       -0.00695719       -0.00338138       -0.00161881      -0.000781238      -0.000381926      -0.000187743      -8.98319e-05      -3.62178e-05       -0.00490504       -0.00471067       -0.00314786        -0.0018392       -0.00101476       -0.00054592      -0.000289935      -0.000151713      -7.59391e-05      -3.14859e-05       -0.00148573       -0.00175984       -0.00140775      -0.000953712      -0.000592993      -0.000350981       -0.00020105      -0.000111576      -5.83191e-05      -2.48459e-05      -0.000509871      -0.000696563      -0.000636843      -0.000484495      -0.000332138      -0.000213138      -0.000130418      -7.62774e-05      -4.14615e-05      -1.81059e-05      -0.000193226      -0.000290043      -0.000292027      -0.000242685      -0.000179731      -0.000123189       -7.9638e-05      -4.86904e-05      -2.73638e-05      -1.22042e-05      -7.70819e-05      -0.000122829      -0.000132152      -0.000117046      -9.18084e-05       -6.6153e-05       -4.4613e-05      -2.82303e-05      -1.62816e-05      -7.38122e-06      -2.78279e-05      -4.58669e-05      -5.13507e-05      -4.73114e-05      -3.84812e-05      -2.86277e-05      -1.98379e-05      -1.28338e-05      -7.52595e-06       -3.4478e-06  
      -0.0326643          -1.08728        -0.0367838        -0.0131879       -0.00471067       -0.00175984      -0.000696563      -0.000290043      -0.000122829      -4.58669e-05          -1.08728           5.58861          -1.09437        -0.0255098        -0.0080529       -0.00289348       -0.00114671      -0.000485253      -0.000209234      -7.91785e-05        -0.0367838          -1.09437        -0.0423559        -0.0165693       -0.00654987       -0.00271355       -0.00118106      -0.000532728      -0.000239875      -9.31784e-05        -0.0131879        -0.0255098        -0.0165693       -0.00857601       -0.00416262       -0.00200074      -0.000968982      -0.000471758      -0.000223961      -8.98319e-05       -0.00471067        -0.0080529       -0.00654987       -0.00416262       -0.00238512       -0.00130469      -0.000697633      -0.000365874      -0.000183199      -7.59391e-05       -0.00175984       -0.00289348       -0.00271355       -0.00200074       -0.00130469      -0.000794043      -0.000462556      -0.000259369      -0.000136421      -5.83191e-05      -0.000696563       -0.00114671       -0.00118106      -0.000968982      -0.000697633      -0.000462556      -0.000289415       -0.00017188      -9.43832e-05      -4.14615e-05      -0.000290043      -0.000485253      -0.000532728      -0.000471758      -0.000365874      -0.000259369       -0.00017188      -0.000107002      -6.08946e-05      -2.73638e-05      -0.000122829      -0.000209234      -0.000239875      -0.000223961      -0.000183199      -0.000136421      -9.43832e-05      -6.08946e-05      -3.56115e-05      -1.62816e-05      -4.58669e-05      -7.91785e-05      -9.31784e-05      -8.98319e-05      -7.59391e-05      -5.83191e-05      -4.14615e-05      -2.73638e-05      -1.62816e-05      -7.52595e-06  
      -0.0116722        -0.0367838           -1.0888        -0.0373749         -0.013432       -0.00481608        -0.0018057      -0.000713986      -0.000290043      -0.000105406        -0.0230224          -1.09437           5.58612          -1.09534        -0.0259159        -0.0082317       -0.00297266       -0.00117715      -0.000485253      -0.000178794        -0.0142953        -0.0423559          -1.09664        -0.0433337        -0.0170088       -0.00675315       -0.00280673       -0.00121765      -0.000532728      -0.000203286       -0.00695719        -0.0165693        -0.0271286        -0.0173505       -0.00895793       -0.00435036       -0.00209057        -0.0010052      -0.000471758      -0.000187743       -0.00314786       -0.00654987       -0.00906766       -0.00709579       -0.00445256       -0.00253683       -0.00138063      -0.000729119      -0.000365874      -0.000151713       -0.00140775       -0.00271355       -0.00348647       -0.00306453       -0.00220179       -0.00141627      -0.000852362      -0.000487402      -0.000259369      -0.000111576      -0.000636843       -0.00118106       -0.00147885        -0.0013942        -0.0010994       -0.00077391      -0.000504018      -0.000307521       -0.00017188      -7.62774e-05      -0.000292027      -0.000532728      -0.000664984      -0.000655918      -0.000551396      -0.000414565      -0.000286733      -0.000184084      -0.000107002      -4.86904e-05      -0.000132152      -0.000239875      -0.000301043      -0.000306028      -0.000268574      -0.000211429      -0.000152703      -0.000101764      -6.08946e-05      -2.82303e-05      -5.13507e-05      -9.31784e-05       -0.00011766      -0.000121806       -0.00010967      -8.87729e-05      -6.58451e-05      -4.49093e-05      -2.73638e-05      -1.28338e-05  
     -0.00411951        -0.0131879        -0.0373749          -1.08904        -0.0374804        -0.0134779        -0.0048335        -0.0018057      -0.000696563      -0.000244176       -0.00708498        -0.0255098          -1.09534           5.58572          -1.09552        -0.0259951       -0.00826214       -0.00297266       -0.00114671      -0.000406075        -0.0055721        -0.0165693        -0.0433337          -1.09708        -0.0435369         -0.017102       -0.00678974       -0.00280673       -0.00118106       -0.00043955       -0.00338138       -0.00857601        -0.0173505        -0.0275106        -0.0175382       -0.00904777       -0.00438658       -0.00209057      -0.000968982      -0.000381926        -0.0018392       -0.00416262       -0.00709579       -0.00935759        -0.0072475       -0.00452849       -0.00256831       -0.00138063      -0.000697633      -0.000289935      -0.000953712       -0.00200074       -0.00306453       -0.00368752        -0.0031761       -0.00226011       -0.00144111      -0.000852362      -0.000462556       -0.00020105      -0.000484495      -0.000968982        -0.0013942       -0.00160927       -0.00147047       -0.00114086      -0.000792016      -0.000504018      -0.000289415      -0.000130418      -0.000242685      -0.000471758      -0.000655918      -0.000744622      -0.000704608       -0.00057876      -0.000426769      -0.000286733       -0.00017188       -7.9638e-05      -0.000117046      -0.000223961      -0.000306028      -0.000345656      -0.000334258      -0.000284855      -0.000218811      -0.000152703      -9.43832e-05       -4.4613e-05      -4.73114e-05      -8.98319e-05      -0.000121806      -0.000137498       -0.00013464      -0.000117196      -9.22207e-05      -6.58451e-05      -4.14615e-05      -1.98379e-05  
     -0.00151566       -0.00471067         -0.013432        -0.0374804          -1.08909        -0.0374978        -0.0134779       -0.00481608       -0.00175984      -0.000591157       -0.00248741        -0.0080529        -0.0259159          -1.09552           5.58564          -1.09555        -0.0259951        -0.0082317       -0.00289348      -0.000967921         -0.002274       -0.00654987        -0.0170088        -0.0435369          -1.09718        -0.0435735         -0.017102       -0.00675315       -0.00271355      -0.000977772       -0.00161881       -0.00416262       -0.00895793        -0.0175382        -0.0276004        -0.0175745       -0.00904777       -0.00435036       -0.00200074      -0.000781238       -0.00101476       -0.00238512       -0.00445256        -0.0072475       -0.00943353       -0.00727899       -0.00452849       -0.00253683       -0.00130469       -0.00054592      -0.000592993       -0.00130469       -0.00220179        -0.0031761       -0.00374584       -0.00320095       -0.00226011       -0.00141627      -0.000794043      -0.000350981      -0.000332138      -0.000697633        -0.0010994       -0.00147047       -0.00165073       -0.00148858       -0.00114086       -0.00077391      -0.000462556      -0.000213138      -0.000179731      -0.000365874      -0.000551396      -0.000704608      -0.000771986      -0.000716812       -0.00057876      -0.000414565      -0.000259369      -0.000123189      -9.18084e-05      -0.000183199      -0.000268574      -0.000334258      -0.000361937       -0.00034164      -0.000284855      -0.000211429      -0.000136421       -6.6153e-05      -3.84812e-05      -7.59391e-05       -0.00010967       -0.00013464      -0.000145024      -0.000138088      -0.000117196      -8.87729e-05      -5.83191e-05      -2.86277e-05  
    -0.000591157       -0.00175984       -0.00481608        -0.0134779        -0.0374978          -1.08909        -0.0374804         -0.013432       -0.00471067       -0.00151566      -0.000967921       -0.00289348        -0.0082317        -0.0259951          -1.09555           5.58564          -1.09552        -0.0259159        -0.0080529       -0.00248741      -0.000977772       -0.00271355       -0.00675315         -0.017102        -0.0435735          -1.09718        -0.0435369        -0.0170088       -0.00654987         -0.002274      -0.000781238       -0.00200074       -0.00435036       -0.00904777        -0.0175745        -0.0276004        -0.0175382       -0.00895793       -0.00416262       -0.00161881       -0.00054592       -0.00130469       -0.00253683       -0.00452849       -0.00727899       -0.00943353        -0.0072475       -0.00445256       -0.00238512       -0.00101476      -0.000350981      -0.000794043       -0.00141627       -0.00226011       -0.00320095       -0.00374584        -0.0031761       -0.00220179       -0.00130469      -0.000592993      -0.000213138      -0.000462556       -0.00077391       -0.00114086       -0.00148858       -0.00165073       -0.00147047        -0.0010994      -0.000697633      -0.000332138      -0.000123189      -0.000259369      -0.000414565       -0.00057876      -0.000716812      -0.000771986      -0.000704608      -0.000551396      -0.000365874      -0.000179731       -6.6153e-05      -0.000136421      -0.000211429      -0.000284855       -0.00034164      -0.000361937      -0.000334258      -0.000268574      -0.000183199      -9.18084e-05      -2.86277e-05      -5.83191e-05      -8.87729e-05      -0.000117196      -0.000138088      -0.000145024       -0.00013464       -0.00010967      -7.59391e-05      -3.84812e-05  
    -0.000244176      -0.000696563        -0.0018057        -0.0048335        -0.0134779        -0.0374804          -1.08904        -0.0373749        -0.0131879       -0.00411951      -0.000406075       -0.00114671       -0.00297266       -0.00826214        -0.0259951          -1.09552           5.58572          -1.09534        -0.0255098       -0.00708498       -0.00043955       -0.00118106       -0.00280673       -0.00678974         -0.017102        -0.0435369          -1.09708        -0.0433337        -0.0165693        -0.0055721      -0.000381926      -0.000968982       -0.00209057       -0.00438658       -0.00904777        -0.0175382        -0.0275106        -0.0173505       -0.00857601       -0.00338138      -0.000289935      -0.000697633       -0.00138063       -0.00256831       -0.00452849        -0.0072475       -0.00935759       -0.00709579       -0.00416262        -0.0018392       -0.00020105      -0.000462556      -0.000852362       -0.00144111       -0.00226011        -0.0031761       -0.00368752       -0.00306453       -0.00200074      -0.000953712      -0.000130418      -0.000289415      -0.000504018      -0.000792016       -0.00114086       -0.00147047       -0.00160927        -0.0013942      -0.000968982      -0.000484495       -7.9638e-05       -0.00017188      -0.000286733      -0.000426769       -0.00057876      -0.000704608      -0.000744622      -0.000655918      -0.000471758      -0.000242685       -4.4613e-05      -9.43832e-05      -0.000152703      -0.000218811      -0.000284855      -0.000334258      -0.000345656      -0.000306028      -0.000223961      -0.000117046      -1.98379e-05      -4.14615e-05      -6.58451e-05      -9.22207e-05      -0.000117196       -0.00013464      -0.000137498      -0.000121806      -8.98319e-05      -4.73114e-05  
    -0.000105406      -0.000290043      -0.000713986        -0.0018057       -0.00481608         -0.013432        -0.0373749           -1.0888        -0.0367838        -0.0116722      -0.000178794      -0.000485253       -0.00117715       -0.00297266        -0.0082317        -0.0259159          -1.09534           5.58612          -1.09437        -0.0230224      -0.000203286      -0.000532728       -0.00121765       -0.00280673       -0.00675315        -0.0170088        -0.0433337          -1.09664        -0.0423559        -0.0142953      -0.000187743      -0.000471758        -0.0010052       -0.00209057       -0.00435036       -0.00895793        -0.0173505        -0.0271286        -0.0165693       -0.00695719      -0.000151713      -0.000365874      -0.000729119       -0.00138063       -0.00253683       -0.00445256       -0.00709579       -0.00906766       -0.00654987       -0.00314786      -0.000111576      -0.000259369      -0.000487402      -0.000852362       -0.00141627       -0.00220179       -0.00306453       -0.00348647       -0.00271355       -0.00140775      -7.62774e-05       -0.00017188      -0.000307521      -0.000504018       -0.00077391        -0.0010994        -0.0013942       -0.00147885       -0.00118106      -0.000636843      -4.86904e-05      -0.000107002      -0.000184084      -0.000286733      -0.000414565      -0.000551396      -0.000655918      -0.000664984      -0.000532728      -0.000292027      -2.82303e-05      -6.08946e-05      -0.000101764      -0.000152703      -0.000211429      -0.000268574      -0.000306028      -0.000301043      -0.000239875      -0.000132152      -1.28338e-05      -2.73638e-05      -4.49093e-05      -6.58451e-05      -8.87729e-05       -0.00010967      -0.000121806       -0.00011766      -9.31784e-05      -5.13507e-05  
    -4.58669e-05      -0.000122829      -0.000290043      -0.000696563       -0.00175984       -0.00471067        -0.0131879        -0.0367838          -1.08728        -0.0326643      -7.91785e-05      -0.000209234      -0.000485253       -0.00114671       -0.00289348        -0.0080529        -0.0255098          -1.09437           5.58861          -1.08728      -9.31784e-05      -0.000239875      -0.000532728       -0.00118106       -0.00271355       -0.00654987        -0.0165693        -0.0423559          -1.09437        -0.0367838      -8.98319e-05      -0.000223961      -0.000471758      -0.000968982       -0.00200074       -0.00416262       -0.00857601        -0.0165693        -0.0255098        -0.0131879      -7.59391e-05      -0.000183199      -0.000365874      -0.000697633       -0.00130469       -0.00238512       -0.00416262       -0.00654987        -0.0080529       -0.00471067      -5.83191e-05      -0.000136421      -0.000259369      -0.000462556      -0.000794043       -0.00130469       -0.00200074       -0.00271355       -0.00289348       -0.00175984      -4.14615e-05      -9.43832e-05       -0.00017188      -0.000289415      -0.000462556      -0.000697633      -0.000968982       -0.00118106       -0.00114671      -0.000696563      -2.73638e-05      -6.08946e-05      -0.000107002       -0.00017188      -0.000259369      -0.000365874      -0.000471758      -0.000532728      -0.000485253      -0.000290043      -1.62816e-05      -3.56115e-05      -6.08946e-05      -9.43832e-05      -0.000136421      -0.000183199      -0.000223961      -0.000239875      -0.000209234      -0.000122829      -7.52595e-06      -1.62816e-05      -2.73638e-05      -4.14615e-05      -5.83191e-05      -7.59391e-05      -8.98319e-05      -9.31784e-05      -7.91785e-05      -4.58669e-05  
    -1.74235e-05      -4.58669e-05      -0.000105406      -0.000244176      -0.000591157       -0.00151566       -0.00411951        -0.0116722        -0.0326643          -1.07561      -3.04403e-05      -7.91785e-05      -0.000178794      -0.000406075      -0.000967921       -0.00248741       -0.00708498        -0.0230224          -1.08728           5.61163       -3.6589e-05      -9.31784e-05      -0.000203286       -0.00043955      -0.000977772         -0.002274        -0.0055721        -0.0142953        -0.0367838          -1.08007      -3.62178e-05      -8.98319e-05      -0.000187743      -0.000381926      -0.000781238       -0.00161881       -0.00338138       -0.00695719        -0.0131879        -0.0185526      -3.14859e-05      -7.59391e-05      -0.000151713      -0.000289935       -0.00054592       -0.00101476        -0.0018392       -0.00314786       -0.00471067       -0.00490504      -2.48459e-05      -5.83191e-05      -0.000111576       -0.00020105      -0.000350981      -0.000592993      -0.000953712       -0.00140775       -0.00175984       -0.00148573      -1.81059e-05      -4.14615e-05      -7.62774e-05      -0.000130418      -0.000213138      -0.000332138      -0.000484495      -0.000636843      -0.000696563      -0.000509871      -1.22042e-05      -2.73638e-05      -4.86904e-05       -7.9638e-05      -0.000123189      -0.000179731      -0.000242685      -0.000292027      -0.000290043      -0.000193226      -7.38122e-06      -1.62816e-05      -2.82303e-05       -4.4613e-05       -6.6153e-05      -9.18084e-05      -0.000117046      -0.000132152      -0.000122829      -7.70819e-05       -3.4478e-06      -7.52595e-06      -1.28338e-05      -1.98379e-05      -2.86277e-05      -3.84812e-05      -4.73114e-05      -5.13507e-05      -4.58669e-05      -2.78279e-05  
      -0.0172323        -0.0116722       -0.00579012       -0.00262304       -0.00116707      -0.000524819      -0.000240677      -0.000112024      -5.13507e-05      -2.01283e-05          -1.08007        -0.0367838        -0.0142953        -0.0055721         -0.002274      -0.000977772       -0.00043955      -0.000203286      -9.31784e-05       -3.6589e-05           5.61031           -1.0888        -0.0241895       -0.00784332       -0.00293915       -0.00122434      -0.000547324      -0.000254513       -0.00011766      -4.65298e-05          -1.08052        -0.0373749        -0.0148201       -0.00595871       -0.00253042       -0.00113708      -0.000534111      -0.000257119      -0.000121806      -4.89094e-05         -0.018718         -0.013432       -0.00719787       -0.00357676       -0.00176006        -0.0008758      -0.000441727        -0.0002236       -0.00010967      -4.49742e-05       -0.00497181       -0.00481608       -0.00325989       -0.00193708       -0.00109048      -0.000599752      -0.000325792      -0.000174158      -8.87729e-05      -3.72714e-05       -0.00151356        -0.0018057        -0.0014591       -0.00100102      -0.000631474      -0.000379609      -0.000220888      -0.000124409      -6.58451e-05      -2.82937e-05      -0.000520183      -0.000713986      -0.000656972       -0.00050366      -0.000348228      -0.000225459      -0.000139175      -8.20628e-05      -4.49093e-05      -1.97016e-05      -0.000193226      -0.000290043      -0.000292027      -0.000242685      -0.000179731      -0.000123189       -7.9638e-05      -4.86904e-05      -2.73638e-05      -1.22042e-05      -6.67699e-05      -0.000105406      -0.000112024      -9.78806e-05      -7.57189e-05      -5.38325e-05      -3.58567e-05      -2.24448e-05      -1.28338e-05      -5.78544e-06  
      -0.0116722        -0.0230224        -0.0142953       -0.00695719       -0.00314786       -0.00140775      -0.000636843      -0.000292027      -0.000132152      -5.13507e-05        -0.0367838          -1.09437        -0.0423559        -0.0165693       -0.00654987       -0.00271355       -0.00118106      -0.000532728      -0.000239875      -9.31784e-05           -1.0888           5.58612          -1.09664        -0.0271286       -0.00906766       -0.00348647       -0.00147885      -0.000664984      -0.000301043       -0.00011766        -0.0373749          -1.09534        -0.0433337        -0.0173505       -0.00709579       -0.00306453        -0.0013942      -0.000655918      -0.000306028      -0.000121806         -0.013432        -0.0259159        -0.0170088       -0.00895793       -0.00445256       -0.00220179        -0.0010994      -0.000551396      -0.000268574       -0.00010967       -0.00481608        -0.0082317       -0.00675315       -0.00435036       -0.00253683       -0.00141627       -0.00077391      -0.000414565      -0.000211429      -8.87729e-05        -0.0018057       -0.00297266       -0.00280673       -0.00209057       -0.00138063      -0.000852362      -0.000504018      -0.000286733      -0.000152703      -6.58451e-05      -0.000713986       -0.00117715       -0.00121765        -0.0010052      -0.000729119      -0.000487402      -0.000307521      -0.000184084      -0.000101764      -4.49093e-05      -0.000290043      -0.000485253      -0.000532728      -0.000471758      -0.000365874      -0.000259369       -0.00017188      -0.000107002      -6.08946e-05      -2.73638e-05      -0.000105406      -0.000178794      -0.000203286      -0.000187743      -0.000151713      -0.000111576      -7.62774e-05      -4.86904e-05      -2.82303e-05      -1.28338e-05  
