        3.39531         -1.20938       -0.0841214       -0.0390391       -0.0205346       -0.0119455      -0.00751243      -0.00501638       -0.0035093      -0.00254697        -0.001904      -0.00145813      -0.00113921      -0.00090505     -0.000729245     -0.000594691     -0.000489975     -0.000407284     -0.000341143      -0.00028764     -0.000243926     -0.000207891     -0.000177953     -0.000152904     -0.000131816     -0.000113962     -9.87707e-05     -8.57868e-05     -7.46446e-05     -6.50477e-05     -5.67539e-05     -4.95642e-05     -4.33135e-05     -3.78641e-05     -3.31005e-05     -2.89251e-05     -2.52553e-05     -2.20203e-05     -1.91593e-05     -1.66201e-05      -1.4357e-05     -1.23304e-05     -1.05053e-05     -8.85076e-06     -7.33902e-06     -5.94514e-06     -4.64635e-06     -3.42165e-06     -2.25136e-06     -1.11682e-06  
       -1.20938          3.31119         -1.24842        -0.104656       -0.0509846        -0.028047       -0.0169619       -0.0110217      -0.00756335       -0.0054133       -0.0040051      -0.00304321      -0.00236318      -0.00186845      -0.00149974      -0.00121922      -0.00100197     -0.000831118     -0.000694924     -0.000585069     -0.000495532     -0.000421879     -0.000360796     -0.000309769     -0.000266866     -0.000230587     -0.000199749     -0.000173415     -0.000150834     -0.000131399     -0.000114612     -0.000100067     -8.74283e-05     -7.64139e-05     -6.67892e-05     -5.83558e-05     -5.09454e-05     -4.44146e-05     -3.86403e-05     -3.35163e-05     -2.89505e-05     -2.48623e-05     -2.11812e-05     -1.78444e-05     -1.47959e-05     -1.19854e-05     -9.36679e-06     -6.89772e-06     -4.53847e-06     -2.25136e-06  
     -0.0841214         -1.24842          3.29065         -1.26037        -0.112168        -0.056001       -0.0315563       -0.0195088       -0.0129257      -0.00902148      -0.00655251      -0.00491015      -0.00377246      -0.00295787      -0.00235843      -0.00190702      -0.00156036      -0.00128961      -0.00107504     -0.000902815     -0.000763022     -0.000648436     -0.000553695     -0.000474758      -0.00040854     -0.000352653     -0.000305231     -0.000264796     -0.000230169     -0.000200399     -0.000174712     -0.000152476     -0.000133168     -0.000116353     -0.000101669     -8.88095e-05     -7.75151e-05     -6.75655e-05     -5.87716e-05     -5.09707e-05     -4.40216e-05     -3.78012e-05     -3.22014e-05     -2.71263e-05     -2.24907e-05     -1.82176e-05     -1.42367e-05     -1.04836e-05     -6.89772e-06     -3.42165e-06  
     -0.0390391        -0.104656         -1.26037          3.28314         -1.26539        -0.115678        -0.058548       -0.0334603        -0.020967       -0.0140649      -0.00992653      -0.00728176      -0.00550484      -0.00426243      -0.00336516      -0.00269957      -0.00219466      -0.00180429      -0.00149751        -0.001253      -0.00105572     -0.000894838     -0.000762398     -0.000652465     -0.000560545     -0.000483184     -0.000417701     -0.000361985     -0.000314361     -0.000273483     -0.000238263     -0.000207812     -0.000181401     -0.000158423     -0.000138374     -0.000120829      -0.00010543     -9.18721e-05     -7.98959e-05      -6.9277e-05     -5.98215e-05     -5.13607e-05     -4.37464e-05     -3.68477e-05      -3.0548e-05     -2.47421e-05     -1.93344e-05     -1.42367e-05     -9.36679e-06     -4.64635e-06  
     -0.0205346       -0.0509846        -0.112168         -1.26539          3.27963         -1.26793        -0.117582       -0.0600061       -0.0345996        -0.021872       -0.0147942       -0.0105212      -0.00777173      -0.00591213      -0.00460358       -0.0036528       -0.0029435      -0.00240256      -0.00198224      -0.00165041      -0.00138481      -0.00116968     -0.000993609     -0.000848185      -0.00072711     -0.000625592     -0.000539938     -0.000467265     -0.000405299     -0.000352225     -0.000306583     -0.000267188     -0.000233068     -0.000203421     -0.000177582     -0.000154994     -0.000135186      -0.00011776     -0.000102377     -8.87466e-05      -7.6616e-05     -6.57666e-05      -5.6007e-05      -4.7168e-05     -3.90991e-05     -3.16648e-05     -2.47421e-05     -1.82176e-05     -1.19854e-05     -5.94514e-06  
     -0.0119455        -0.028047        -0.056001        -0.115678         -1.26793          3.27773         -1.26939        -0.118721       -0.0609112       -0.0353288       -0.0224667       -0.0152842       -0.0109285      -0.00811288      -0.00619977       -0.0048475      -0.00386069      -0.00312145      -0.00255546      -0.00211406      -0.00176437      -0.00148358      -0.00125547      -0.00106825     -0.000913232     -0.000783864     -0.000675156     -0.000583252     -0.000505129     -0.000438399      -0.00038115     -0.000331838     -0.000289208     -0.000252227     -0.000220041     -0.000191939     -0.000167324     -0.000145691     -0.000126611     -0.000109716     -9.46918e-05     -8.12623e-05     -6.91883e-05     -5.82584e-05     -4.82849e-05     -3.90991e-05      -3.0548e-05     -2.24907e-05     -1.47959e-05     -7.33902e-06  
    -0.00751243       -0.0169619       -0.0315563        -0.058548        -0.117582         -1.26939          3.27659          -1.2703         -0.11945       -0.0615059       -0.0358188        -0.022874       -0.0156253       -0.0112161       -0.0083568      -0.00640766      -0.00502545      -0.00401359      -0.00325327      -0.00266942      -0.00221283      -0.00185016      -0.00155823      -0.00132052      -0.00112501     -0.000962797     -0.000827177      -0.00071302     -0.000616352     -0.000534054     -0.000463654      -0.00040317     -0.000350998     -0.000305828     -0.000266584     -0.000232372     -0.000202445     -0.000176175      -0.00015303     -0.000132556     -0.000114363     -9.81134e-05     -8.35137e-05     -7.03051e-05     -5.82584e-05      -4.7168e-05     -3.68477e-05     -2.71263e-05     -1.78444e-05     -8.85076e-06  
    -0.00501638       -0.0110217       -0.0195088       -0.0334603       -0.0600061        -0.118721          -1.2703          3.27586         -1.27089         -0.11994       -0.0619131       -0.0361599       -0.0231616       -0.0158692        -0.011424      -0.00853475      -0.00656056      -0.00515727      -0.00412755      -0.00335204      -0.00275521      -0.00228747      -0.00191521      -0.00161498      -0.00137008      -0.00116832      -0.00100066     -0.000860278     -0.000741946     -0.000641607     -0.000556075     -0.000482814      -0.00041979     -0.000365355     -0.000318159     -0.000277089     -0.000241223     -0.000209784      -0.00018212     -0.000157676     -0.000135977     -0.000116614     -9.92303e-05     -8.35137e-05     -6.91883e-05      -5.6007e-05     -4.37464e-05     -3.22014e-05     -2.11812e-05     -1.05053e-05  
     -0.0035093      -0.00756335       -0.0129257        -0.020967       -0.0345996       -0.0609112         -0.11945         -1.27089          3.27537          -1.2713        -0.120281       -0.0622008       -0.0364038       -0.0233695       -0.0160472       -0.0115769      -0.00866657      -0.00667452      -0.00525604      -0.00421334      -0.00342668      -0.00282026      -0.00234423      -0.00196477       -0.0016583      -0.00140794      -0.00120142      -0.00102959     -0.000885533     -0.000763966     -0.000660767     -0.000572695     -0.000497171     -0.000432121      -0.00037586     -0.000327009     -0.000284428     -0.000247168      -0.00021443     -0.000185542     -0.000159928     -0.000137094     -0.000116614     -9.81134e-05     -8.12623e-05     -6.57666e-05     -5.13607e-05     -3.78012e-05     -2.48623e-05     -1.23304e-05  
    -0.00254697       -0.0054133      -0.00902148       -0.0140649        -0.021872       -0.0353288       -0.0615059         -0.11994          -1.2713          3.27503         -1.27158        -0.120525       -0.0624087       -0.0365818       -0.0235224        -0.016179       -0.0116909      -0.00876534      -0.00676031      -0.00533069      -0.00427839      -0.00348344      -0.00286982      -0.00238754      -0.00200264       -0.0016914      -0.00143687      -0.00122668      -0.00105161     -0.000904692     -0.000780586     -0.000675124     -0.000585025     -0.000507676     -0.000440971     -0.000383199     -0.000332955     -0.000289075     -0.000250589     -0.000216682     -0.000186659     -0.000159928     -0.000135977     -0.000114363     -9.46918e-05      -7.6616e-05     -5.98215e-05     -4.40216e-05     -2.89505e-05      -1.4357e-05  
      -0.001904       -0.0040051      -0.00655251      -0.00992653       -0.0147942       -0.0224667       -0.0358188       -0.0619131        -0.120281         -1.27158          3.27478         -1.27179        -0.120703       -0.0625616       -0.0367136       -0.0236364       -0.0162778       -0.0117767      -0.00883999      -0.00682536      -0.00538744      -0.00432795      -0.00352675      -0.00290768      -0.00242064      -0.00203156      -0.00171665      -0.00145889      -0.00124584      -0.00106823     -0.000919049     -0.000792916     -0.000685629     -0.000593876     -0.000515015     -0.000446917     -0.000387845     -0.000336376     -0.000291326     -0.000251706     -0.000216682     -0.000185542     -0.000157676     -0.000132556     -0.000109716     -8.87466e-05      -6.9277e-05     -5.09707e-05     -3.35163e-05     -1.66201e-05  
    -0.00145813      -0.00304321      -0.00491015      -0.00728176       -0.0105212       -0.0152842        -0.022874       -0.0361599       -0.0622008        -0.120525         -1.27179           3.2746         -1.27195        -0.120835       -0.0626755       -0.0368124       -0.0237222       -0.0163524       -0.0118417      -0.00889674      -0.00687492      -0.00543075      -0.00436582      -0.00355985      -0.00293661       -0.0024459      -0.00205358      -0.00173581      -0.00147551      -0.00126019      -0.00108056     -0.000929555     -0.000801767     -0.000692968     -0.000599821     -0.000519661     -0.000450338     -0.000390097     -0.000337493     -0.000291326     -0.000250589      -0.00021443      -0.00018212      -0.00015303     -0.000126611     -0.000102377     -7.98959e-05     -5.87716e-05     -3.86403e-05     -1.91593e-05  
    -0.00113921      -0.00236318      -0.00377246      -0.00550484      -0.00777173       -0.0109285       -0.0156253       -0.0231616       -0.0364038       -0.0624087        -0.120703         -1.27195          3.27447         -1.27206        -0.120934       -0.0627613        -0.036887       -0.0237872       -0.0164092       -0.0118913      -0.00894005      -0.00691279      -0.00546385      -0.00439474      -0.00358511      -0.00295863      -0.00246506       -0.0020702      -0.00175017      -0.00148784       -0.0012707      -0.00108941     -0.000936894     -0.000807712     -0.000697614     -0.000603243     -0.000521913     -0.000451455     -0.000390097     -0.000336376     -0.000289075     -0.000247168     -0.000209784     -0.000176175     -0.000145691      -0.00011776     -9.18721e-05     -6.75655e-05     -4.44146e-05     -2.20203e-05  
    -0.00090505      -0.00186845      -0.00295787      -0.00426243      -0.00591213      -0.00811288       -0.0112161       -0.0158692       -0.0233695       -0.0365818       -0.0625616        -0.120835         -1.27206          3.27437         -1.27215        -0.121008       -0.0628264       -0.0369438       -0.0238368       -0.0164525       -0.0119292      -0.00897315      -0.00694171      -0.00548911      -0.00441676      -0.00360426      -0.00297525      -0.00247941      -0.00208253      -0.00176067      -0.00149669      -0.00127804      -0.00109535      -0.00094154     -0.000811134     -0.000699866     -0.000604359     -0.000521913     -0.000450338     -0.000387845     -0.000332955     -0.000284428     -0.000241223     -0.000202445     -0.000167324     -0.000135186      -0.00010543     -7.75151e-05     -5.09454e-05     -2.52553e-05  
   -0.000729245      -0.00149974      -0.00235843      -0.00336516      -0.00460358      -0.00619977       -0.0083568        -0.011424       -0.0160472       -0.0235224       -0.0367136       -0.0626755        -0.120934         -1.27215           3.2743         -1.27221        -0.121065       -0.0628759       -0.0369871       -0.0238747       -0.0164856       -0.0119581      -0.00899841      -0.00696373      -0.00550827      -0.00443338      -0.00361862      -0.00298758      -0.00248992      -0.00209138      -0.00176801      -0.00150264      -0.00128268      -0.00109877     -0.000943791     -0.000812251     -0.000699866     -0.000603243     -0.000519661     -0.000446917     -0.000383199     -0.000327009     -0.000277089     -0.000232372     -0.000191939     -0.000154994     -0.000120829     -8.88095e-05     -5.83558e-05     -2.89251e-05  
   -0.000594691      -0.00121922      -0.00190702      -0.00269957       -0.0036528       -0.0048475      -0.00640766      -0.00853475       -0.0115769        -0.016179       -0.0236364       -0.0368124       -0.0627613        -0.121008         -1.27221          3.27424         -1.27226        -0.121109       -0.0629138       -0.0370202       -0.0239036       -0.0165108       -0.0119801      -0.00901757      -0.00698035      -0.00552262      -0.00444571      -0.00362913      -0.00299643      -0.00249726      -0.00209733      -0.00177266      -0.00150606      -0.00128493      -0.00109989     -0.000943791     -0.000811134     -0.000697614     -0.000599821     -0.000515015     -0.000440971      -0.00037586     -0.000318159     -0.000266584     -0.000220041     -0.000177582     -0.000138374     -0.000101669     -6.67892e-05     -3.31005e-05  
   -0.000489975      -0.00100197      -0.00156036      -0.00219466       -0.0029435      -0.00386069      -0.00502545      -0.00656056      -0.00866657       -0.0116909       -0.0162778       -0.0237222        -0.036887       -0.0628264        -0.121065         -1.27226           3.2742          -1.2723        -0.121142       -0.0629427       -0.0370455       -0.0239256         -0.01653       -0.0119967      -0.00903193      -0.00699268      -0.00553313      -0.00445456      -0.00363647      -0.00300238       -0.0025019      -0.00210075      -0.00177491      -0.00150717      -0.00128493      -0.00109877      -0.00094154     -0.000807712     -0.000692968     -0.000593876     -0.000507676     -0.000432121     -0.000365355     -0.000305828     -0.000252227     -0.000203421     -0.000158423     -0.000116353     -7.64139e-05     -3.78641e-05  
   -0.000407284     -0.000831118      -0.00128961      -0.00180429      -0.00240256      -0.00312145      -0.00401359      -0.00515727      -0.00667452      -0.00876534       -0.0117767       -0.0163524       -0.0237872       -0.0369438       -0.0628759        -0.121109          -1.2723          3.27417         -1.27233        -0.121167       -0.0629647       -0.0370646       -0.0239422       -0.0165444       -0.0120091      -0.00904243      -0.00700153      -0.00554047      -0.00446051      -0.00364111       -0.0030058      -0.00250415      -0.00210187      -0.00177491      -0.00150606      -0.00128268      -0.00109535     -0.000936894     -0.000801767     -0.000685629     -0.000585025     -0.000497171      -0.00041979     -0.000350998     -0.000289208     -0.000233068     -0.000181401     -0.000133168     -8.74283e-05     -4.33135e-05  
   -0.000341143     -0.000694924      -0.00107504      -0.00149751      -0.00198224      -0.00255546      -0.00325327      -0.00412755      -0.00525604      -0.00676031      -0.00883999       -0.0118417       -0.0164092       -0.0238368       -0.0369871       -0.0629138        -0.121142         -1.27233          3.27414         -1.27235        -0.121186       -0.0629814        -0.037079       -0.0239545       -0.0165549       -0.0120179      -0.00904977      -0.00700748      -0.00554512      -0.00446393      -0.00364336      -0.00300692      -0.00250415      -0.00210075      -0.00177266      -0.00150264      -0.00127804      -0.00108941     -0.000929555     -0.000792916     -0.000675124     -0.000572695     -0.000482814      -0.00040317     -0.000331838     -0.000267188     -0.000207812     -0.000152476     -0.000100067     -4.95642e-05  
    -0.00028764     -0.000585069     -0.000902815        -0.001253      -0.00165041      -0.00211406      -0.00266942      -0.00335204      -0.00421334      -0.00533069      -0.00682536      -0.00889674       -0.0118913       -0.0164525       -0.0238747       -0.0370202       -0.0629427        -0.121167         -1.27235          3.27412         -1.27237          -0.1212       -0.0629937       -0.0370895       -0.0239634       -0.0165622       -0.0120239      -0.00905442       -0.0070109      -0.00554737      -0.00446505      -0.00364336       -0.0030058       -0.0025019      -0.00209733      -0.00176801      -0.00149669       -0.0012707      -0.00108056     -0.000919049     -0.000780586     -0.000660767     -0.000556075     -0.000463654      -0.00038115     -0.000306583     -0.000238263     -0.000174712     -0.000114612     -5.67539e-05  
   -0.000243926     -0.000495532     -0.000763022      -0.00105572      -0.00138481      -0.00176437      -0.00221283      -0.00275521      -0.00342668      -0.00427839      -0.00538744      -0.00687492      -0.00894005       -0.0119292       -0.0164856       -0.0239036       -0.0370455       -0.0629647        -0.121186         -1.27237          3.27411         -1.27238        -0.121211       -0.0630025       -0.0370968       -0.0239693       -0.0165668       -0.0120273      -0.00905667      -0.00701202      -0.00554737      -0.00446393      -0.00364111      -0.00300238      -0.00249726      -0.00209138      -0.00176067      -0.00148784      -0.00126019      -0.00106823     -0.000904692     -0.000763966     -0.000641607     -0.000534054     -0.000438399     -0.000352225     -0.000273483     -0.000200399     -0.000131399     -6.50477e-05  
   -0.000207891     -0.000421879     -0.000648436     -0.000894838      -0.00116968      -0.00148358      -0.00185016      -0.00228747      -0.00282026      -0.00348344      -0.00432795      -0.00543075      -0.00691279      -0.00897315       -0.0119581       -0.0165108       -0.0239256       -0.0370646       -0.0629814          -0.1212         -1.27238           3.2741         -1.27239        -0.121218       -0.0630085       -0.0371015       -0.0239728       -0.0165691       -0.0120284      -0.00905667       -0.0070109      -0.00554512      -0.00446051      -0.00363647      -0.00299643      -0.00248992      -0.00208253      -0.00175017      -0.00147551      -0.00124584      -0.00105161     -0.000885533     -0.000741946     -0.000616352     -0.000505129     -0.000405299     -0.000314361     -0.000230169     -0.000150834     -7.46446e-05  
   -0.000177953     -0.000360796     -0.000553695     -0.000762398     -0.000993609      -0.00125547      -0.00155823      -0.00191521      -0.00234423      -0.00286982      -0.00352675      -0.00436582      -0.00546385      -0.00694171      -0.00899841       -0.0119801         -0.01653       -0.0239422        -0.037079       -0.0629937        -0.121211         -1.27239          3.27409         -1.27239        -0.121223       -0.0630119       -0.0371037       -0.0239739       -0.0165691       -0.0120273      -0.00905442      -0.00700748      -0.00554047      -0.00445456      -0.00362913      -0.00298758      -0.00247941       -0.0020702      -0.00173581      -0.00145889      -0.00122668      -0.00102959     -0.000860278      -0.00071302     -0.000583252     -0.000467265     -0.000361985     -0.000264796     -0.000173415     -8.57868e-05  
   -0.000152904     -0.000309769     -0.000474758     -0.000652465     -0.000848185      -0.00106825      -0.00132052      -0.00161498      -0.00196477      -0.00238754      -0.00290768      -0.00355985      -0.00439474      -0.00548911      -0.00696373      -0.00901757       -0.0119967       -0.0165444       -0.0239545       -0.0370895       -0.0630025        -0.121218         -1.27239          3.27409          -1.2724        -0.121225        -0.063013       -0.0371037       -0.0239728       -0.0165668       -0.0120239      -0.00904977      -0.00700153      -0.00553313      -0.00444571      -0.00361862      -0.00297525      -0.00246506      -0.00205358      -0.00171665      -0.00143687      -0.00120142      -0.00100066     -0.000827177     -0.000675156     -0.000539938     -0.000417701     -0.000305231     -0.000199749     -9.87707e-05  
   -0.000131816     -0.000266866      -0.00040854     -0.000560545      -0.00072711     -0.000913232      -0.00112501      -0.00137008       -0.0016583      -0.00200264      -0.00242064      -0.00293661      -0.00358511      -0.00441676      -0.00550827      -0.00698035      -0.00903193       -0.0120091       -0.0165549       -0.0239634       -0.0370968       -0.0630085        -0.121223          -1.2724          3.27408          -1.2724        -0.121225       -0.0630119       -0.0371015       -0.0239693       -0.0165622       -0.0120179      -0.00904243      -0.00699268      -0.00552262      -0.00443338      -0.00360426      -0.00295863       -0.0024459      -0.00203156       -0.0016914      -0.00140794      -0.00116832     -0.000962797     -0.000783864     -0.000625592     -0.000483184     -0.000352653     -0.000230587     -0.000113962  
   -0.000113962     -0.000230587     -0.000352653     -0.000483184     -0.000625592     -0.000783864     -0.000962797      -0.00116832      -0.00140794       -0.0016914      -0.00203156       -0.0024459      -0.00295863      -0.00360426      -0.00443338      -0.00552262      -0.00699268      -0.00904243       -0.0120179       -0.0165622       -0.0239693       -0.0371015       -0.0630119        -0.121225          -1.2724          3.27408          -1.2724        -0.121223       -0.0630085       -0.0370968       -0.0239634       -0.0165549       -0.0120091      -0.00903193      -0.00698035      -0.00550827      -0.00441676      -0.00358511      -0.00293661      -0.00242064      -0.00200264       -0.0016583      -0.00137008      -0.00112501     -0.000913232      -0.00072711     -0.000560545      -0.00040854     -0.000266866     -0.000131816  
   -9.87707e-05     -0.000199749     -0.000305231     -0.000417701     -0.000539938     -0.000675156     -0.000827177      -0.00100066      -0.00120142      -0.00143687      -0.00171665      -0.00205358      -0.00246506      -0.00297525      -0.00361862      -0.00444571      -0.00553313      -0.00700153      -0.00904977       -0.0120239       -0.0165668       -0.0239728       -0.0371037        -0.063013        -0.121225          -1.2724          3.27409         -1.27239        -0.121218       -0.0630025       -0.0370895       -0.0239545       -0.0165444       -0.0119967      -0.00901757      -0.00696373      -0.00548911      -0.00439474      -0.00355985      -0.00290768      -0.00238754      -0.00196477      -0.00161498      -0.00132052      -0.00106825     -0.000848185     -0.000652465     -0.000474758     -0.000309769     -0.000152904  
   -8.57868e-05     -0.000173415     -0.000264796     -0.000361985     -0.000467265     -0.000583252      -0.00071302     -0.000860278      -0.00102959      -0.00122668      -0.00145889      -0.00173581       -0.0020702      -0.00247941      -0.00298758      -0.00362913      -0.00445456      -0.00554047      -0.00700748      -0.00905442       -0.0120273       -0.0165691       -0.0239739       -0.0371037       -0.0630119        -0.121223         -1.27239          3.27409         -1.27239        -0.121211       -0.0629937        -0.037079       -0.0239422         -0.01653       -0.0119801      -0.00899841      -0.00694171      -0.00546385      -0.00436582      -0.00352675      -0.00286982      -0.00234423      -0.00191521      -0.00155823      -0.00125547     -0.000993609     -0.000762398     -0.000553695     -0.000360796     -0.000177953  
   -7.46446e-05     -0.000150834     -0.000230169     -0.000314361     -0.000405299     -0.000505129     -0.000616352     -0.000741946     -0.000885533      -0.00105161      -0.00124584      -0.00147551      -0.00175017      -0.00208253      -0.00248992      -0.00299643      -0.00363647      -0.00446051      -0.00554512       -0.0070109      -0.00905667       -0.0120284       -0.0165691       -0.0239728       -0.0371015       -0.0630085        -0.121218         -1.27239           3.2741         -1.27238          -0.1212       -0.0629814       -0.0370646       -0.0239256       -0.0165108       -0.0119581      -0.00897315      -0.00691279      -0.00543075      -0.00432795      -0.00348344      -0.00282026      -0.00228747      -0.00185016      -0.00148358      -0.00116968     -0.000894838     -0.000648436     -0.000421879     -0.000207891  
   -6.50477e-05     -0.000131399     -0.000200399     -0.000273483     -0.000352225     -0.000438399     -0.000534054     -0.000641607     -0.000763966     -0.000904692      -0.00106823      -0.00126019      -0.00148784      -0.00176067      -0.00209138      -0.00249726      -0.00300238      -0.00364111      -0.00446393      -0.00554737      -0.00701202      -0.00905667       -0.0120273       -0.0165668       -0.0239693       -0.0370968       -0.0630025        -0.121211         -1.27238          3.27411         -1.27237        -0.121186       -0.0629647       -0.0370455       -0.0239036       -0.0164856       -0.0119292      -0.00894005      -0.00687492      -0.00538744      -0.00427839      -0.00342668      -0.00275521      -0.00221283      -0.00176437      -0.00138481      -0.00105572     -0.000763022     -0.000495532     -0.000243926  
   -5.67539e-05     -0.000114612     -0.000174712     -0.000238263     -0.000306583      -0.00038115     -0.000463654     -0.000556075     -0.000660767     -0.000780586     -0.000919049      -0.00108056       -0.0012707      -0.00149669      -0.00176801      -0.00209733       -0.0025019       -0.0030058      -0.00364336      -0.00446505      -0.00554737       -0.0070109      -0.00905442       -0.0120239       -0.0165622       -0.0239634       -0.0370895       -0.0629937          -0.1212         -1.27237          3.27412         -1.27235        -0.121167       -0.0629427       -0.0370202       -0.0238747       -0.0164525       -0.0118913      -0.00889674      -0.00682536      -0.00533069      -0.00421334      -0.00335204      -0.00266942      -0.00211406      -0.00165041        -0.001253     -0.000902815     -0.000585069      -0.00028764  
   -4.95642e-05     -0.000100067     -0.000152476     -0.000207812     -0.000267188     -0.000331838      -0.00040317     -0.000482814     -0.000572695     -0.000675124     -0.000792916     -0.000929555      -0.00108941      -0.00127804      -0.00150264      -0.00177266      -0.00210075      -0.00250415      -0.00300692      -0.00364336      -0.00446393      -0.00554512      -0.00700748      -0.00904977       -0.0120179       -0.0165549       -0.0239545        -0.037079       -0.0629814        -0.121186         -1.27235          3.27414         -1.27233        -0.121142       -0.0629138       -0.0369871       -0.0238368       -0.0164092       -0.0118417      -0.00883999      -0.00676031      -0.00525604      -0.00412755      -0.00325327      -0.00255546      -0.00198224      -0.00149751      -0.00107504     -0.000694924     -0.000341143  
   -4.33135e-05     -8.74283e-05     -0.000133168     -0.000181401     -0.000233068     -0.000289208     -0.000350998      -0.00041979     -0.000497171     -0.000585025     -0.000685629     -0.000801767     -0.000936894      -0.00109535      -0.00128268      -0.00150606      -0.00177491      -0.00210187      -0.00250415       -0.0030058      -0.00364111      -0.00446051      -0.00554047      -0.00700153      -0.00904243       -0.0120091       -0.0165444       -0.0239422       -0.0370646       -0.0629647        -0.121167         -1.27233          3.27417          -1.2723        -0.121109       -0.0628759       -0.0369438       -0.0237872       -0.0163524       -0.0117767      -0.00876534      -0.00667452      -0.00515727      -0.00401359      -0.00312145      -0.00240256      -0.00180429      -0.00128961     -0.000831118     -0.000407284  
   -3.78641e-05     -7.64139e-05     -0.000116353     -0.000158423     -0.000203421     -0.000252227     -0.000305828     -0.000365355     -0.000432121     -0.000507676     -0.000593876     -0.000692968     -0.000807712      -0.00094154      -0.00109877      -0.00128493      -0.00150717      -0.00177491      -0.00210075       -0.0025019      -0.00300238      -0.00363647      -0.00445456      -0.00553313      -0.00699268      -0.00903193       -0.0119967         -0.01653       -0.0239256       -0.0370455       -0.0629427        -0.121142          -1.2723           3.2742         -1.27226        -0.121065       -0.0628264        -0.036887       -0.0237222       -0.0162778       -0.0116909      -0.00866657      -0.00656056      -0.00502545      -0.00386069       -0.0029435      -0.00219466      -0.00156036      -0.00100197     -0.000489975  
   -3.31005e-05     -6.67892e-05     -0.000101669     -0.000138374     -0.000177582     -0.000220041     -0.000266584     -0.000318159      -0.00037586     -0.000440971     -0.000515015     -0.000599821     -0.000697614     -0.000811134     -0.000943791      -0.00109989      -0.00128493      -0.00150606      -0.00177266      -0.00209733      -0.00249726      -0.00299643      -0.00362913      -0.00444571      -0.00552262      -0.00698035      -0.00901757       -0.0119801       -0.0165108       -0.0239036       -0.0370202       -0.0629138        -0.121109         -1.27226          3.27424         -1.27221        -0.121008       -0.0627613       -0.0368124       -0.0236364        -0.016179       -0.0115769      -0.00853475      -0.00640766       -0.0048475       -0.0036528      -0.00269957      -0.00190702      -0.00121922     -0.000594691  
   -2.89251e-05     -5.83558e-05     -8.88095e-05     -0.000120829     -0.000154994     -0.000191939     -0.000232372     -0.000277089     -0.000327009     -0.000383199     -0.000446917     -0.000519661     -0.000603243     -0.000699866     -0.000812251     -0.000943791      -0.00109877      -0.00128268      -0.00150264      -0.00176801      -0.00209138      -0.00248992      -0.00298758      -0.00361862      -0.00443338      -0.00550827      -0.00696373      -0.00899841       -0.0119581       -0.0164856       -0.0238747       -0.0369871       -0.0628759        -0.121065         -1.27221           3.2743         -1.27215        -0.120934       -0.0626755       -0.0367136       -0.0235224       -0.0160472        -0.011424       -0.0083568      -0.00619977      -0.00460358      -0.00336516      -0.00235843      -0.00149974     -0.000729245  
   -2.52553e-05     -5.09454e-05     -7.75151e-05      -0.00010543     -0.000135186     -0.000167324     -0.000202445     -0.000241223     -0.000284428     -0.000332955     -0.000387845     -0.000450338     -0.000521913     -0.000604359     -0.000699866     -0.000811134      -0.00094154      -0.00109535      -0.00127804      -0.00149669      -0.00176067      -0.00208253      -0.00247941      -0.00297525      -0.00360426      -0.00441676      -0.00548911      -0.00694171      -0.00897315       -0.0119292       -0.0164525       -0.0238368       -0.0369438       -0.0628264        -0.121008         -1.27215          3.27437         -1.27206        -0.120835       -0.0625616       -0.0365818       -0.0233695       -0.0158692       -0.0112161      -0.00811288      -0.00591213      -0.00426243      -0.00295787      -0.00186845      -0.00090505  
   -2.20203e-05     -4.44146e-05     -6.75655e-05     -9.18721e-05      -0.00011776     -0.000145691     -0.000176175     -0.000209784     -0.000247168     -0.000289075     -0.000336376     -0.000390097     -0.000451455     -0.000521913     -0.000603243     -0.000697614     -0.000807712     -0.000936894      -0.00108941       -0.0012707      -0.00148784      -0.00175017       -0.0020702      -0.00246506      -0.00295863      -0.00358511      -0.00439474      -0.00546385      -0.00691279      -0.00894005       -0.0118913       -0.0164092       -0.0237872        -0.036887       -0.0627613        -0.120934         -1.27206          3.27447         -1.27195        -0.120703       -0.0624087       -0.0364038       -0.0231616       -0.0156253       -0.0109285      -0.00777173      -0.00550484      -0.00377246      -0.00236318      -0.00113921  
   -1.91593e-05     -3.86403e-05     -5.87716e-05     -7.98959e-05     -0.000102377     -0.000126611      -0.00015303      -0.00018212      -0.00021443     -0.000250589     -0.000291326     -0.000337493     -0.000390097     -0.000450338     -0.000519661     -0.000599821     -0.000692968     -0.000801767     -0.000929555      -0.00108056      -0.00126019      -0.00147551      -0.00173581      -0.00205358       -0.0024459      -0.00293661      -0.00355985      -0.00436582      -0.00543075      -0.00687492      -0.00889674       -0.0118417       -0.0163524       -0.0237222       -0.0368124       -0.0626755        -0.120835         -1.27195           3.2746         -1.27179        -0.120525       -0.0622008       -0.0361599        -0.022874       -0.0152842       -0.0105212      -0.00728176      -0.00491015      -0.00304321      -0.00145813  
   -1.66201e-05     -3.35163e-05     -5.09707e-05      -6.9277e-05     -8.87466e-05     -0.000109716     -0.000132556     -0.000157676     -0.000185542     -0.000216682     -0.000251706     -0.000291326     -0.000336376     -0.000387845     -0.000446917     -0.000515015     -0.000593876     -0.000685629     -0.000792916     -0.000919049      -0.00106823      -0.00124584      -0.00145889      -0.00171665      -0.00203156      -0.00242064      -0.00290768      -0.00352675      -0.00432795      -0.00538744      -0.00682536      -0.00883999       -0.0117767       -0.0162778       -0.0236364       -0.0367136       -0.0625616        -0.120703         -1.27179          3.27478         -1.27158        -0.120281       -0.0619131       -0.0358188       -0.0224667       -0.0147942      -0.00992653      -0.00655251       -0.0040051        -0.001904  
    -1.4357e-05     -2.89505e-05     -4.40216e-05     -5.98215e-05      -7.6616e-05     -9.46918e-05     -0.000114363     -0.000135977     -0.000159928     -0.000186659     -0.000216682     -0.000250589     -0.000289075     -0.000332955     -0.000383199     -0.000440971     -0.000507676     -0.000585025     -0.000675124     -0.000780586     -0.000904692      -0.00105161      -0.00122668      -0.00143687       -0.0016914      -0.00200264      -0.00238754      -0.00286982      -0.00348344      -0.00427839      -0.00533069      -0.00676031      -0.00876534       -0.0116909        -0.016179       -0.0235224       -0.0365818       -0.0624087        -0.120525         -1.27158          3.27503          -1.2713         -0.11994       -0.0615059       -0.0353288        -0.021872       -0.0140649      -0.00902148       -0.0054133      -0.00254697  
   -1.23304e-05     -2.48623e-05     -3.78012e-05     -5.13607e-05     -6.57666e-05     -8.12623e-05     -9.81134e-05     -0.000116614     -0.000137094     -0.000159928     -0.000185542      -0.00021443     -0.000247168     -0.000284428     -0.000327009      -0.00037586     -0.000432121     -0.000497171     -0.000572695     -0.000660767     -0.000763966     -0.000885533      -0.00102959      -0.00120142      -0.00140794       -0.0016583      -0.00196477      -0.00234423      -0.00282026      -0.00342668      -0.00421334      -0.00525604      -0.00667452      -0.00866657       -0.0115769       -0.0160472       -0.0233695       -0.0364038       -0.0622008        -0.120281          -1.2713          3.27537         -1.27089         -0.11945       -0.0609112       -0.0345996        -0.020967       -0.0129257      -0.00756335       -0.0035093  
   -1.05053e-05     -2.11812e-05     -3.22014e-05     -4.37464e-05      -5.6007e-05     -6.91883e-05     -8.35137e-05     -9.92303e-05     -0.000116614     -0.000135977     -0.000157676      -0.00018212     -0.000209784     -0.000241223     -0.000277089     -0.000318159     -0.000365355      -0.00041979     -0.000482814     -0.000556075     -0.000641607     -0.000741946     -0.000860278      -0.00100066      -0.00116832      -0.00137008      -0.00161498      -0.00191521      -0.00228747      -0.00275521      -0.00335204      -0.00412755      -0.00515727      -0.00656056      -0.00853475        -0.011424       -0.0158692       -0.0231616       -0.0361599       -0.0619131         -0.11994         -1.27089          3.27586          -1.2703        -0.118721       -0.0600061       -0.0334603       -0.0195088       -0.0110217      -0.00501638  
   -8.85076e-06     -1.78444e-05     -2.71263e-05     -3.68477e-05      -4.7168e-05     -5.82584e-05     -7.03051e-05     -8.35137e-05     -9.81134e-05     -0.000114363     -0.000132556      -0.00015303     -0.000176175     -0.000202445     -0.000232372     -0.000266584     -0.000305828     -0.000350998      -0.00040317     -0.000463654     -0.000534054     -0.000616352      -0.00071302     -0.000827177     -0.000962797      -0.00112501      -0.00132052      -0.00155823      -0.00185016      -0.00221283      -0.00266942      -0.00325327      -0.00401359      -0.00502545      -0.00640766       -0.0083568       -0.0112161       -0.0156253        -0.022874       -0.0358188       -0.0615059         -0.11945          -1.2703          3.27659         -1.26939        -0.117582        -0.058548       -0.0315563       -0.0169619      -0.00751243  
   -7.33902e-06     -1.47959e-05     -2.24907e-05      -3.0548e-05     -3.90991e-05     -4.82849e-05     -5.82584e-05     -6.91883e-05     -8.12623e-05     -9.46918e-05     -0.000109716     -0.000126611     -0.000145691     -0.000167324     -0.000191939     -0.000220041     -0.000252227     -0.000289208     -0.000331838      -0.00038115     -0.000438399     -0.000505129     -0.000583252     -0.000675156     -0.000783864     -0.000913232      -0.00106825      -0.00125547      -0.00148358      -0.00176437      -0.00211406      -0.00255546      -0.00312145      -0.00386069       -0.0048475      -0.00619977      -0.00811288       -0.0109285       -0.0152842       -0.0224667       -0.0353288       -0.0609112        -0.118721         -1.26939          3.27773         -1.26793        -0.115678        -0.056001        -0.028047       -0.0119455  
   -5.94514e-06     -1.19854e-05     -1.82176e-05     -2.47421e-05     -3.16648e-05     -3.90991e-05      -4.7168e-05      -5.6007e-05     -6.57666e-05      -7.6616e-05     -8.87466e-05     -0.000102377      -0.00011776     -0.000135186     -0.000154994     -0.000177582     -0.000203421     -0.000233068     -0.000267188     -0.000306583     -0.000352225     -0.000405299     -0.000467265     -0.000539938     -0.000625592      -0.00072711     -0.000848185     -0.000993609      -0.00116968      -0.00138481      -0.00165041      -0.00198224      -0.00240256       -0.0029435       -0.0036528      -0.00460358      -0.00591213      -0.00777173       -0.0105212       -0.0147942        -0.021872       -0.0345996       -0.0600061        -0.117582         -1.26793          3.27963         -1.26539        -0.112168       -0.0509846       -0.0205346  
   -4.64635e-06     -9.36679e-06     -1.42367e-05     -1.93344e-05     -2.47421e-05      -3.0548e-05     -3.68477e-05     -4.37464e-05     -5.13607e-05     -5.98215e-05      -6.9277e-05     -7.98959e-05     -9.18721e-05      -0.00010543     -0.000120829     -0.000138374     -0.000158423     -0.000181401     -0.000207812     -0.000238263     -0.000273483     -0.000314361     -0.000361985     -0.000417701     -0.000483184     -0.000560545     -0.000652465     -0.000762398     -0.000894838      -0.00105572        -0.001253      -0.00149751      -0.00180429      -0.00219466      -0.00269957      -0.00336516      -0.00426243      -0.00550484      -0.00728176      -0.00992653       -0.0140649        -0.020967       -0.0334603        -0.058548        -0.115678         -1.26539          3.28314         -1.26037        -0.104656       -0.0390391  
